$ANSIBLE_VAULT;1.1;AES256
34346432363837623466333836643936663562663863306434313835663262393533346136656366
3064306564306662373939393833633031633061386566620a373035383363373636353233353933
30356661353736396365613831626234616265656266363262353833636161353837363730373636
3430383065363832340a306466356238386263656631656532653362373530656138306532653565
66383337363539646238363538333965633133383131336232316639633938383534633532303035
32333861323036646137333664393231346232656363613031363864353565353136643931316362
33666434306138353137303436363334343330613864336663326465636533653563306332386336
63336138626437303339333434393663356137373635336266383331383933613835313634333337
64316131316436323633653737643962353235646266613331663164633132626539643433623130
66666330393737653534643135306537373739303565656533373265333062316333623262366334
38363266336330343934333438623432386136643766613137386633623338653263303836383662
66333635643137646530336231366430373434386537326438326434656261383663363336316466
62323762313665633830646266616362646266363136386464633239356261393862343961346362
35363663666234303366356666633634386363303631613165303738306333623765666339396336
66343831346130623466633133303431386130396532323263663732313937346533666236373835
62323264383064616263376462393430343665303062366339666530346366633163356561383263
31386166663434363636656539376236636261313666373231333935313334626661616663363532
36633937303239643061303338383635653563393033376462346565633062616137313734333235
64663965353231386163353165343538373630323762393036303638663461663439663266343636
39383332653636353762343137643536666466346630323031663562303538616437356665366137
32323665653766306536653430643861656462613562373734646461376332633336326364633664
37306466353432336639636565393162363132343839336465383833656365373131383131383834
62393662346531346533366236373861666339613065366534323666333964636138353639316464
66303565396332343562383338346530323735386238343164336635326365346363323038356236
35663333353239393834353733333934656565626465316265653234363737613633
